[currency_rate]
RUB_USD = 0.015311
RUB_EUR = 0.0136787185
RUB_RUB = 1
USD_USD = 1
USD_EUR = 0.893391582
USD_RUB = 66.4779
EUR_USD = 1.11933
EUR_EUR = 1
EUR_RUB = 75.0469
